CARTOSAT-2A             
1 32783U 08021A   24322.10373144  .00001554  00000+0  21885-3 0  9991
2 32783  97.8469  16.9576 0011369 180.4718 179.6484 14.78647624893605
OCEANSAT-2              
1 35931U 09051A   24322.14158736 -.00000144  00000+0 -73190-4 0  9998
2 35931  98.2461 355.9951 0016653  67.9897 292.3036 13.99528537798615
CARTOSAT-2B             
1 36795U 10035A   24322.13993857  .00001503  00000+0  21161-3 0  9999
2 36795  97.8407  16.5190 0011107 263.1223  96.8724 14.78717001774659
RESOURCESAT-2           
1 37387U 11015A   24322.16480786  .00000295  00000+0  15344-3 0  9994
2 37387  98.5596  23.5279 0004852  44.4661 315.6905 14.21696557704729
SARAL                   
1 39086U 13009A   24322.11787063  .00000232  00000+0  10172-3 0  9995
2 39086  98.5495 145.1618 0001914 160.6470 199.4787 14.32582753612973
ASTROSAT                
1 40930U 15052A   24322.14263794  .00002841  00000+0  27919-3 0  9993
2 40930   5.9987 343.1299 0007497  83.4394 276.6588 14.80358469494158
CARTOSAT-2C             
1 41599U 16040A   24322.15841495  .00007117  00000+0  34115-3 0  9991
2 41599  97.4542  19.4429 0014183 342.2083  17.8653 15.19130344466107
SCATSAT 1               
1 41790U 16059H   24321.36619871  .00002892  00000+0  40825-3 0  9997
2 41790  98.2012   6.3740 0056274 306.4378  53.1650 14.76941717431522
RESOURCESAT-2A          
1 41877U 16074A   24322.15433859  .00000312  00000+0  16174-3 0  9993
2 41877  98.6315  32.4077 0000121 241.2788 118.8377 14.21672915412325
CARTOSAT-2D             
1 41948U 17008A   24321.79459106  .00009542  00000+0  45600-3 0  9992
2 41948  97.4060  18.3295 0004873  86.7225 273.4567 15.19217792429917
CARTOSAT-2E             
1 42767U 17036C   24322.14116049  .00007312  00000+0  35020-3 0  9997
2 42767  97.4182  19.0153 0003047 154.6619 205.4766 15.19231577410538
CARTOSAT-2F             
1 43111U 18004A   24322.17386319  .00007887  00000+0  37754-3 0  9992
2 43111  97.4117  19.0315 0000223  12.8029 347.3211 15.19225401379728
HYSIS                   
1 43719U 18096A   24322.11892215  .00002166  00000+0  30220-3 0  9994
2 43719  97.8479  22.4515 0000996 143.0331 217.0949 14.78690093322149
RISAT-2B                
1 44233U 19028A   24322.05179772  .00005537  00000+0  44054-3 0  9996
2 44233  36.9954 174.3077 0004525   0.0535   0.0208 15.00197143301209
CARTOSAT-3              
1 44804U 19081A   24322.11719641  .00006954  00000+0  33244-3 0  9994
2 44804  97.5126  19.2880 0014599   2.9017 357.2299 15.19234765275809
RISAT-2BR1              
1 44857U 19089F   24322.10905230  .00006878  00000+0  54528-3 0  9993
2 44857  36.9615 293.0101 0012862 189.4434 170.6067 15.00158214270483
RISAT-2BR2              
1 46905U 20081A   24321.71404929  .00007895  00000+0  62803-3 0  9993
2 46905  36.9007  50.9017 0011344 129.8431 230.3309 14.99976751220657
POEM-2                  
1 56308U 23057A   24321.87010591  .00003714  00000+0  29122-3 0  9995
2 56308   9.8871 128.8558 0021829  23.4126 336.7076 14.91827020 85801
EOS-08                  
1 60454U 24147A   24322.02513321  .00030125  00000+0  83490-3 0  9994
2 60454  37.3814  83.4766 0004197  39.6281 320.4786 15.36109563 14263
