ISS (ZARYA)             
1 25544U 98067A   24322.09401066  .00019103  00000+0  34302-3 0  9997
2 25544  51.6410 277.8367 0007583 226.0535 235.5529 15.49882713482266
CSS (TIANHE)            
1 48274U 21035A   24322.14739064  .00030668  00000+0  39070-3 0  9997
2 48274  41.4674 230.2924 0003405 320.7952  39.2639 15.58656254203021
ISS (NAUKA)             
1 49044U 21066A   24321.23759159  .00018961  00000+0  34096-3 0  9998
2 49044  51.6393 282.0820 0007412 224.1527 135.8870 15.49848912481690
CSS (WENTIAN)           
1 53239U 22085A   24321.25033238  .00037560  00000+0  47827-3 0  9998
2 53239  41.4676 235.7337 0003553 317.2999  42.7563 15.58593819124398
CSS (MENGTIAN)          
1 54216U 22143A   24321.25033238  .00037560  00000+0  47827-3 0  9999
2 54216  41.4676 235.7337 0003553 317.2999  42.7563 15.58593819112896
TIANZHOU-7              
1 58811U 24013A   24321.19921897  .00055838  00000+0  64415-3 0  9992
2 58811  41.4693 235.9483 0011156 312.8207 157.6134 15.60978638202939
PROGRESS-MS 27          
1 59913U 24103A   24321.23759159  .00018961  00000+0  34096-3 0  9999
2 59913  51.6393 282.0820 0007412 224.1527 135.8870 15.49848912 26477
CYGNUS NG-21            
1 60378U 24139A   24321.23759159  .00018961  00000+0  34096-3 0  9995
2 60378  51.6393 282.0820 0007412 224.1527 135.8870 15.49848912481693
PROGRESS-MS 28          
1 60450U 24145A   24321.23759159  .00018961  00000+0  34096-3 0  9993
2 60450  51.6393 282.0820 0007412 224.1527 135.8870 15.49848912 14315
SOYUZ-MS 26             
1 61043U 24162A   24321.23759159  .00018961  00000+0  34096-3 0  9991
2 61043  51.6393 282.0820 0007412 224.1527 135.8870 15.49848912481233
CREW DRAGON 9           
1 61447U 24178A   24321.23759159  .00018961  00000+0  34096-3 0  9996
2 61447  51.6393 282.0820 0007412 224.1527 135.8870 15.49848912  6638
SHENZHOU-19 (SZ-19)     
1 61683U 24194A   24321.25033238  .00037560  00000+0  47827-3 0  9993
2 61683  41.4676 235.7337 0003553 317.2999  42.7563 15.58593819202768
DRAGON CRS-31           
1 61791U 24200A   24321.23759159  .00018961  00000+0  34096-3 0  9994
2 61791  51.6393 282.0820 0007412 224.1527 135.8870 15.49848912  1130
TIANZHOU-8              
1 61983U 24211A   24319.84059492  .00045616  00000+0  58175-3 0  9997
2 61983  41.4673 244.2846 0003881 313.7517  46.2999 15.58483552    06
